$ 1 0.000005 10.20027730826997 50 5 43 5e-11
t 96 224 192 224 0 1 -6.335647742747755 0.6390166243833872 400 default
g -192 352 -192 384 0 0
174 -144 64 -112 128 1 5000 0.42080000000000006 Resistance
w 96 352 192 352 0
w -144 64 192 64 0
v -192 352 -192 64 0 0 40 9 0 0 0.5
w -192 64 -144 64 0
w -144 352 -192 352 0
r 32 224 -80 224 0 10000
162 192 64 192 208 2 default-led 1 0 0 0.01
p -80 224 -80 352 3 0 0 10000000
w -144 352 -80 352 0
p 96 224 96 352 3 0 0 10000000
w 96 352 32 352 0
r 192 352 192 240 0 56
w -80 352 32 352 0
w 32 224 96 224 0
r -144 352 -144 224 0 820
w -144 224 -80 224 0
r -144 224 -144 128 0 3300
w -112 96 -112 128 0
w -112 128 -144 128 0
r 32 224 32 352 0 100000

